0.685426, -0.00445754
1.39215, -0.0183909
2.09862, -0.0418019
2.80472, -0.0746864
3.51031, -0.117038
4.21526, -0.16885
4.89814, -0.228118
5.60148, -0.298534
6.30382, -0.378377
7.00502, -0.467634
7.70622, -0.55689
8.40856, -0.636734
9.1119, -0.70715
9.79477, -0.766417
10.4997, -0.818229
11.2053, -0.860581
11.9114, -0.893466
12.6179, -0.916877
13.3246, -0.93081
14.0315, -0.935263
14.7169, -0.930527
15.4236, -0.916307
16.1301, -0.892608
16.8361, -0.859437
17.5417, -0.816798
18.2467, -0.7647
18.9295, -0.705155
19.6328, -0.634453
20.3351, -0.554324
21.0363, -0.464782
21.7362, -0.365845
22.4347, -0.257528
23.1332, -0.149212
23.8331, -0.0502743
24.513, 0.0366919
25.2153, 0.117106
25.9186, 0.188094
26.6227, 0.249643
27.3277, 0.301741
28.0333, 0.34438
28.7393, 0.377552
29.4244, 0.400671
30.1311, 0.415179
30.8379, 0.420207
31.5448, 0.415753
32.2515, 0.40182
32.958, 0.378409
33.6427, 0.34666
34.3483, 0.304595
35.0533, 0.25307
35.7575, 0.192093
36.4608, 0.121677
37.1632, 0.0418336
37.8431, -0.0445799
38.5231, -0.130993
39.2255, -0.210837
39.9288, -0.281253
40.633, -0.342229
41.338, -0.393755
42.0436, -0.43582
42.7283, -0.467569
43.4348, -0.49098
44.1415, -0.504913
44.8484, -0.509366
45.5552, -0.504339
46.2619, -0.489831
46.9684, -0.465845
47.653, -0.43354
48.3586, -0.390901
49.0636, -0.338803
49.7677, -0.277254
50.471, -0.206266
51.1733, -0.125852
51.8532, -0.0388855
52.5531, 0.0600522
53.2516, 0.168369
53.9501, 0.276685
54.65, 0.375623
55.3512, 0.465164
56.0535, 0.545293
56.7568, 0.615995
57.461, 0.677258
58.1446, 0.727638
58.8502, 0.770277
59.5562, 0.803449
60.2627, 0.827147
60.9694, 0.841367
61.6763, 0.846108
62.3617, 0.84165
63.0684, 0.827717
63.7749, 0.804306
64.481, 0.771421
65.1866, 0.729069
65.8915, 0.677258
66.5744, 0.61799
67.2777, 0.547574
67.9801, 0.46773
68.6813, 0.378474
69.3825, 0.289218
70.0848, 0.209374
70.7882, 0.138958
71.471, 0.0796906
72.176, 0.0278786
72.8816, -0.0144734
73.5877, -0.0473579
74.2941, -0.0707689
75.0009, -0.0847022
75.6863, -0.0891598
76.3931, -0.0844193
77.0999, -0.0701987
77.8063, -0.0465005
78.5124, -0.013329
79.218, 0.0293098
79.9229, 0.0814082
80.6058, 0.140953
81.3091, 0.211655
82.0114, 0.291784
82.7125, 0.381326
83.4124, 0.480263
84.111, 0.58858
84.8095, 0.696896
85.5094, 0.795834
86.1893, 0.8828
86.8915, 0.963214
87.5948, 1.0342
88.299, 1.09575
89.0039, 1.14785
89.7095, 1.19049
90.4156, 1.22366
91.1006, 1.24678
91.8074, 1.26129
92.5142, 1.26631
93.221, 1.26186
93.9278, 1.24793
94.6342, 1.22452
95.3189, 1.19277
96.0246, 1.1507
96.7295, 1.09918
97.4338, 1.0382
98.1371, 0.967785
98.8394, 0.887941
99.5194, 0.801528
100.199, 0.715114
100.902, 0.635271
101.605, 0.564855
102.309, 0.503878
103.014, 0.452353
103.72, 0.410288
104.405, 0.378539
105.111, 0.355128
105.818, 0.341195
106.525, 0.336741
107.231, 0.341769
107.938, 0.356277
108.645, 0.380262
109.329, 0.412568
110.035, 0.455207
110.74, 0.507305
111.444, 0.568854
112.147, 0.639842
112.147, 0.639842
112.147, 0.639842
112.147, 0.639842
112.147, 0.639842
112.169, 0.640847
112.147, 0.640129
112.147, 0.640129
112.147, 0.640129
112.147, 0.640129
112.147, 0.640129
112.147, 0.640129
112.169, 0.639132
112.147, 0.640416
112.147, 0.640416
112.147, 0.640416
112.147, 0.640416
112.147, 0.640416
112.147, 0.640416
112.168, 0.637426
112.147, 0.6407
112.147, 0.6407
112.147, 0.6407
112.147, 0.6407
112.168, 0.636304
112.147, 0.640981
112.147, 0.640981
112.147, 0.640981
112.147, 0.640981
112.147, 0.640981
112.147, 0.640981
112.168, 0.634647
112.147, 0.641255
112.147, 0.641255
112.147, 0.641255
112.147, 0.641255
112.147, 0.641255
112.147, 0.641255
112.167, 0.633039
112.148, 0.641519
112.148, 0.641519
112.148, 0.641519
112.148, 0.641519
112.148, 0.641519
112.148, 0.641519
112.167, 0.631493
112.148, 0.641772
112.148, 0.641772
112.148, 0.641772
112.148, 0.641772
112.148, 0.641772
112.148, 0.641772
112.166, 0.630022
112.148, 0.642011
112.148, 0.642011
112.148, 0.642011
112.148, 0.642011
112.148, 0.642011
112.148, 0.642011
112.165, 0.628641
112.148, 0.642235
112.148, 0.642235
112.148, 0.642235
112.148, 0.642235
112.164, 0.627779
112.148, 0.642445
112.148, 0.642445
112.148, 0.642445
112.148, 0.642445
112.148, 0.642445
112.148, 0.642445
112.163, 0.626578
112.148, 0.642637
112.148, 0.642637
112.609, 0.106643
113.063, -0.40716
113.538, -0.930793
114.02, -1.44801
114.501, -1.96523
114.976, -2.48886
115.444, -3.01882
115.444, -3.01882
115.898, -3.56094
116.344, -4.1091
116.783, -4.6632
117.214, -5.22313
117.638, -5.78881
117.625, -5.77166
117.625, -5.77166
118.056, -6.33177
118.056, -6.33177
118.056, -6.33177
118.495, -6.88605
118.913, -7.4291
119.337, -7.99477
119.753, -8.56608
120.162, -9.14291
120.563, -9.72518
120.956, -10.3128
121.329, -10.8875
121.706, -11.4853
122.076, -12.0881
122.437, -12.6957
122.79, -13.3082
123.134, -13.9253
123.479, -14.5424
123.832, -15.1549
124.193, -15.7626
124.562, -16.3653
124.94, -16.9631
125.313, -17.5379
125.706, -18.1254
126.107, -18.7077
126.515, -19.2845
126.931, -19.8559
126.919, -19.8385
126.931, -19.856
126.919, -19.8384
126.919, -19.8384
127.312, -20.4258
127.713, -21.0079
128.122, -21.5846
128.526, -22.1385
128.95, -22.7042
129.381, -23.2641
129.82, -23.8182
130.266, -24.3664
130.72, -24.9085
131.167, -25.4283
131.634, -25.9583
132.109, -26.4819
132.584, -27.0055
133.052, -27.5355
133.512, -28.0717
133.966, -28.614
134.412, -29.1623
134.837, -29.6997
135.269, -30.2597
135.693, -30.8253
136.109, -31.3966
136.517, -31.9735
136.918, -32.5557
137.299, -33.1254
137.685, -33.7181
138.062, -34.3158
138.431, -34.9186
138.792, -35.5263
139.145, -36.1387
139.49, -36.7559
139.816, -37.3587
140.144, -37.9847
140.464, -38.6151
140.775, -39.2497
141.087, -39.8843
141.407, -40.5146
141.735, -41.1406
142.061, -41.7434
142.406, -42.3606
142.759, -42.973
143.12, -43.5807
143.489, -44.1835
143.866, -44.7812
144.24, -45.356
144.633, -45.9436
145.033, -46.5258
145.442, -47.1027
145.858, -47.674
146.282, -48.2397
146.714, -48.7996
147.139, -49.337
147.585, -49.8853
148.038, -50.4276
148.499, -50.9638
148.967, -51.4938
149.442, -52.0174
149.917, -52.541
150.384, -53.071
150.831, -53.5908
151.285, -54.133
151.731, -54.6811
152.17, -55.2352
152.601, -55.7952
153.025, -56.3608
153.429, -56.9147
153.838, -57.4914
154.239, -58.0735
154.632, -58.6609
155.017, -59.2536
155.394, -59.8513
155.752, -60.4358
156.114, -61.0433
156.467, -61.6556
156.812, -62.2726
157.149, -62.8942
157.477, -63.5202
157.797, -64.1506
158.099, -64.7659
158.401, -65.3812
158.72, -66.0115
159.049, -66.6376
159.385, -67.2591
159.73, -67.8761
160.083, -68.4884
160.434, -69.0776
160.803, -69.6804
161.18, -70.2781
161.565, -70.8708
161.959, -71.4582
162.36, -72.0403
162.768, -72.617
163.172, -73.1709
163.596, -73.7366
164.027, -74.2965
164.466, -74.8506
164.913, -75.3988
165.366, -75.9409
165.813, -76.4607
166.281, -76.9907
166.756, -77.5143
167.23, -78.038
167.698, -78.5679
168.159, -79.1041
168.612, -79.6464
168.598, -79.63
169.052, -80.1723
169.066, -80.1887
169.052, -80.1725
169.066, -80.1885
169.051, -80.1727
169.526, -80.6963
169.994, -81.2262
170.455, -81.7624
170.908, -82.3047
171.354, -82.8531
171.779, -83.3905
172.211, -83.9504
172.635, -84.5161
173.051, -85.0874
173.46, -85.6642
173.86, -86.2465
174.253, -86.8341
174.627, -87.4088
175.004, -88.0066
175.373, -88.6094
175.384, -88.6276
175.743, -89.2121
176.104, -89.8196
176.454, -90.4088
176.823, -91.0115
177.201, -91.6093
177.586, -92.2019
177.979, -92.7894
177.979, -92.7894
178.388, -93.3662
178.804, -93.9375
179.228, -94.5032
179.659, -95.0631
180.085, -95.6005
180.531, -96.1488
180.984, -96.6912
181.445, -97.2273
181.912, -97.7573
182.387, -98.2809
182.854, -98.7826
183.343, -99.2935
183.838, -99.7978
184.34, -100.295
184.849, -100.786
185.364, -101.27
185.348, -101.256
185.876, -101.726
186.404, -102.196
186.926, -102.673
187.441, -103.157
187.95, -103.648
188.452, -104.145
188.932, -104.634
189.421, -105.145
189.903, -105.662
190.377, -106.186
190.845, -106.716
191.306, -107.252
191.759, -107.794
192.192, -108.326
192.631, -108.88
193.062, -109.44
193.486, -110.005
193.902, -110.577
194.311, -111.154
194.7, -111.718
195.093, -112.306
195.093, -112.306
195.486, -112.893
195.486, -112.893
195.879, -113.481
195.879, -113.481
195.879, -113.481
196.275, -114.04
196.691, -114.611
197.115, -115.177
197.547, -115.737
197.985, -116.291
198.432, -116.839
198.885, -117.381
199.332, -117.901
199.8, -118.431
200.275, -118.955
200.757, -119.472
201.245, -119.983
201.741, -120.487
202.228, -120.969
202.736, -121.46
203.251, -121.944
203.773, -122.421
204.301, -122.891
204.835, -123.354
205.359, -123.796
205.906, -124.244
206.458, -124.686
207.01, -125.127
207.556, -125.575
208.097, -126.031
208.631, -126.494
209.142, -126.95
209.158, -126.964
209.158, -126.964
209.142, -126.951
209.159, -126.964
209.142, -126.951
209.159, -126.964
209.142, -126.951
209.159, -126.964
209.159, -126.964
209.141, -126.951
209.159, -126.963
209.141, -126.952
209.159, -126.963
209.141, -126.952
209.159, -126.963
209.159, -126.963
209.141, -126.952
209.16, -126.963
209.141, -126.953
209.16, -126.962
209.141, -126.953
209.141, -126.953
209.16, -126.962
209.14, -126.953
209.16, -126.962
209.14, -126.953
209.16, -126.961
209.16, -126.961
209.14, -126.954
209.16, -126.961
209.14, -126.954
209.16, -126.961
209.14, -126.955
209.815, -127.164
210.488, -127.382
211.157, -127.609
211.823, -127.845
212.486, -128.09
213.126, -128.335
213.783, -128.598
214.435, -128.869
214.455, -128.877
215.108, -129.148
215.737, -129.42
216.383, -129.708
217.024, -130.005
217.662, -130.31
218.295, -130.624
218.276, -130.615
218.909, -130.929
219.538, -131.251
220.163, -131.582
220.787, -131.913
221.416, -132.235
221.397, -132.226
222.035, -132.531
222.676, -132.828
223.322, -133.117
223.951, -133.388
223.971, -133.396
224.627, -133.658
225.287, -133.912
225.93, -134.149
226.596, -134.385
227.266, -134.612
227.938, -134.83
227.938, -134.83
228.616, -135.03
229.297, -135.222
229.98, -135.404
230.665, -135.576
231.353, -135.74
232.022, -135.89
232.713, -136.035
232.713, -136.035
232.713, -136.035
232.713, -136.035
232.713, -136.035
232.692, -136.032
232.713, -136.035
232.713, -136.035
232.713, -136.035
232.713, -136.035
232.713, -136.035
232.713, -136.035
232.692, -136.034
233.399, -136.057
234.105, -136.071
234.812, -136.075
235.519, -136.08
236.226, -136.094
236.932, -136.117
237.638, -136.15
238.344, -136.193
239.049, -136.244
239.732, -136.304
240.435, -136.374
241.137, -136.454
241.839, -136.543
242.538, -136.642
243.237, -136.75
243.913, -136.863
244.608, -136.99
245.302, -137.126
245.281, -137.121
245.302, -137.126
245.302, -137.126
245.302, -137.126
245.302, -137.126
245.302, -137.126
245.302, -137.126
245.977, -137.335
246.65, -137.553
247.319, -137.78
247.299, -137.773
247.319, -137.78
247.299, -137.773
247.319, -137.78
247.299, -137.774
247.299, -137.774
247.982, -137.956
248.662, -138.147
249.34, -138.347
249.995, -138.55
250.67, -138.759
251.348, -138.959
252.029, -139.15
252.712, -139.331
253.397, -139.504
254.064, -139.662
254.754, -139.816
255.446, -139.962
256.14, -140.097
256.835, -140.224
257.532, -140.341
258.231, -140.449
258.909, -140.544
258.931, -140.547
259.633, -140.627
260.315, -140.695
261.019, -140.756
261.724, -140.808
261.746, -140.809
262.43, -140.841
263.137, -140.865
263.843, -140.879
264.55, -140.884
265.257, -140.879
265.943, -140.875
266.649, -140.879
267.356, -140.893
268.063, -140.916
268.769, -140.949
269.474, -140.992
270.158, -141.042
270.862, -141.103
271.566, -141.173
272.268, -141.253
272.969, -141.342
273.669, -141.441
274.346, -141.546
275.043, -141.663
275.739, -141.789
276.433, -141.925
277.124, -142.07
277.814, -142.224
278.481, -142.383
279.167, -142.555
279.85, -142.737
280.53, -142.928
281.211, -143.119
281.873, -143.295
282.559, -143.468
283.246, -143.631
283.936, -143.785
284.628, -143.931
285.322, -144.066
286.017, -144.193
286.693, -144.306
287.392, -144.414
288.092, -144.513
288.793, -144.602
289.495, -144.682
290.199, -144.753
290.881, -144.812
291.586, -144.864
292.292, -144.906
292.998, -144.939
293.705, -144.962
294.411, -144.976
295.097, -144.981
295.804, -144.976
296.51, -144.971
297.217, -144.976
297.924, -144.99
298.609, -145.013
299.315, -145.046
300.021, -145.088
300.726, -145.14
301.43, -145.201
302.133, -145.272
302.814, -145.35
303.515, -145.439
304.215, -145.538
304.914, -145.646
305.611, -145.763
306.306, -145.89
306.979, -146.022
307.671, -146.167
308.361, -146.321
309.048, -146.484
309.734, -146.657
310.417, -146.839
311.077, -147.024
311.757, -147.215
312.44, -147.397
313.126, -147.569
313.814, -147.733
313.814, -147.733
314.506, -147.878
315.199, -148.013
315.895, -148.14
316.571, -148.254
317.269, -148.362
317.969, -148.46
318.67, -148.549
319.373, -148.629
320.076, -148.7
320.759, -148.759
321.464, -148.811
322.169, -148.853
322.876, -148.886
323.582, -148.909
324.289, -148.923
324.996, -148.928
325.681, -148.923
326.388, -148.909
327.094, -148.895
327.801, -148.89
328.508, -148.895
329.193, -148.908
329.9, -148.932
330.606, -148.965
331.312, -149.007
332.017, -149.059
332.721, -149.12
333.403, -149.188
334.105, -149.268
334.806, -149.358
335.506, -149.456
336.205, -149.564
336.902, -149.682
337.597, -149.808
338.27, -149.94
338.962, -150.085
339.651, -150.24
340.339, -150.403
341.025, -150.576
341.708, -150.758
342.391, -150.94
343.076, -151.113
343.764, -151.276
344.454, -151.43
345.124, -151.571
345.818, -151.707
346.513, -151.834
347.21, -151.951
347.909, -152.059
347.888, -152.056
348.589, -152.146
349.291, -152.226
349.995, -152.296
350.699, -152.357
351.383, -152.407
352.088, -152.449
352.794, -152.482
353.501, -152.506
354.207, -152.52
354.914, -152.524
355.6, -152.519
356.306, -152.505
357.013, -152.481
357.719, -152.458
358.426, -152.444
359.133, -152.439
359.818, -152.443
360.525, -152.457
361.232, -152.481
361.938, -152.513
362.643, -152.556
363.348, -152.608
364.052, -152.669
364.734, -152.737
365.437, -152.817
366.138, -152.906
366.838, -153.005
367.536, -153.113
368.233, -153.23
368.908, -153.353
369.602, -153.489
370.293, -153.634
370.983, -153.788
371.671, -153.952
372.356, -154.125
373.042, -154.297
373.729, -154.461
374.419, -154.615
375.09, -154.756
375.784, -154.892
376.479, -155.019
377.176, -155.136
377.875, -155.244
378.575, -155.343
378.553, -155.34
379.256, -155.42
379.959, -155.491
380.663, -155.552
381.347, -155.602
382.052, -155.644
382.759, -155.677
383.465, -155.7
384.172, -155.714
384.879, -155.719
385.585, -155.714
386.271, -155.7
386.977, -155.676
387.683, -155.643
388.389, -155.61
389.096, -155.586
389.803, -155.572
390.509, -155.567
391.195, -155.571
391.901, -155.585
392.608, -155.609
393.314, -155.642
394.02, -155.684
394.725, -155.736
395.407, -155.795
396.111, -155.866
396.813, -155.945
397.514, -156.035
398.214, -156.133
398.913, -156.241
399.589, -156.355
400.284, -156.481
400.978, -156.617
401.67, -156.762
402.36, -156.917
403.047, -157.08
403.735, -157.244
404.425, -157.398
405.117, -157.543
405.789, -157.675
405.789, -157.675
406.486, -157.792
407.164, -157.897
407.864, -157.995
408.565, -158.085
409.267, -158.164
409.971, -158.235
409.971, -158.235
410.676, -158.287
411.381, -158.329
412.087, -158.362
412.794, -158.385
413.479, -158.399
414.186, -158.404
414.893, -158.399
415.599, -158.385
416.306, -158.361
417.012, -158.328
417.717, -158.285
418.401, -158.235
419.106, -158.183
419.812, -158.141
420.496, -158.109
421.203, -158.085
421.909, -158.071
422.616, -158.066
423.323, -158.071
424.03, -158.085
424.03, -158.085
424.03, -158.085
424.03, -158.085
424.03, -158.085
424.008, -158.086
424.03, -158.085
424.03, -158.085
424.03, -158.085
424.03, -158.085
424.03, -158.085
424.03, -158.085
424.009, -158.087
424.03, -158.084
424.03, -158.084
424.03, -158.084
424.03, -158.084
424.03, -158.084
424.03, -158.084
424.009, -158.089
424.03, -158.084
424.03, -158.084
424.03, -158.084
424.03, -158.084
424.71, -157.893
425.373, -157.716
426.058, -157.543
426.746, -157.38
427.435, -157.225
428.127, -157.08
428.821, -156.944
429.516, -156.817
430.192, -156.703
430.891, -156.595
431.59, -156.496
432.292, -156.406
432.994, -156.326
433.697, -156.255
434.401, -156.185
435.103, -156.104
435.804, -156.015
436.504, -155.916
437.181, -155.811
437.878, -155.694
438.574, -155.567
439.267, -155.431
439.959, -155.285
440.649, -155.131
441.316, -154.972
442.001, -154.799
442.684, -154.617
443.365, -154.426
444.043, -154.226
444.718, -154.017
445.37, -153.805
446.039, -153.578
446.705, -153.342
447.369, -153.097
448.028, -152.844
448.685, -152.581
449.321, -152.326
449.98, -152.072
450.643, -151.827
451.31, -151.591
451.979, -151.363
452.651, -151.145
453.306, -150.942
453.984, -150.741
454.664, -150.55
455.347, -150.368
456.033, -150.195
456.72, -150.031
457.389, -149.881
458.081, -149.735
458.774, -149.599
459.47, -149.472
460.167, -149.354
460.865, -149.246
461.565, -149.147
462.245, -149.06
462.947, -148.98
463.651, -148.909
464.332, -148.84
465.035, -148.76
465.736, -148.67
466.436, -148.571
467.134, -148.463
467.831, -148.345
468.527, -148.218
469.199, -148.086
469.891, -147.941
470.581, -147.786
471.268, -147.623
471.954, -147.45
472.637, -147.267
473.297, -147.082
473.975, -146.882
474.65, -146.672
475.322, -146.454
475.991, -146.227
476.658, -145.99
477.3, -145.753
477.96, -145.499
478.616, -145.236
479.273, -144.974
479.932, -144.72
480.596, -144.475
481.242, -144.246
481.911, -144.019
482.583, -143.801
483.258, -143.591
483.936, -143.391
484.617, -143.2
485.279, -143.023
485.965, -142.85
486.652, -142.687
487.342, -142.532
488.034, -142.387
488.727, -142.251
489.402, -142.128
490.099, -142.01
490.797, -141.902
491.497, -141.803
492.198, -141.713
492.9, -141.633
493.604, -141.562
494.307, -141.491
495.009, -141.411
495.711, -141.322
496.389, -141.226
497.088, -141.118
497.785, -141.001
498.48, -140.874
499.174, -140.738
499.866, -140.592
500.555, -140.438
501.222, -140.279
501.908, -140.106
502.591, -139.924
503.271, -139.733
503.949, -139.533
504.624, -139.324
505.276, -139.112
505.946, -138.885
506.612, -138.649
507.275, -138.404
507.935, -138.151
508.591, -137.888
509.227, -137.633
509.887, -137.379
510.55, -137.134
511.216, -136.898
511.886, -136.67
512.558, -136.452
513.212, -136.249
513.89, -136.048
514.571, -135.857
515.254, -135.675
515.939, -135.502
516.627, -135.338
517.296, -135.188
517.987, -135.042
518.681, -134.906
519.376, -134.779
520.073, -134.661
520.772, -134.553
521.45, -134.457
522.151, -134.367
522.854, -134.287
523.557, -134.216
524.239, -134.147
524.941, -134.067
525.642, -133.977
526.342, -133.878
527.041, -133.77
527.738, -133.652
528.412, -133.529
529.106, -133.393
529.798, -133.248
530.487, -133.093
531.175, -132.93
531.86, -132.756
532.543, -132.574
533.203, -132.389
533.881, -132.189
534.556, -131.979
535.229, -131.761
535.898, -131.534
536.564, -131.297
537.207, -131.06
537.867, -130.806
538.523, -130.543
539.179, -130.281
539.839, -130.027
540.502, -129.782
541.148, -129.553
541.817, -129.326
542.49, -129.108
543.165, -128.898
543.843, -128.698
544.523, -128.507
545.186, -128.33
545.871, -128.157
546.559, -127.994
547.248, -127.839
547.94, -127.694
548.634, -127.558
549.308, -127.434
550.005, -127.317
550.704, -127.209
551.404, -127.11
552.105, -127.02
552.807, -126.94
553.51, -126.869
554.214, -126.798
554.916, -126.718
555.617, -126.629
556.296, -126.533
556.994, -126.425
557.691, -126.308
557.691, -126.308
558.364, -126.176
559.056, -126.03
559.746, -125.876
560.433, -125.712
561.118, -125.539
561.801, -125.356
562.461, -125.171
563.139, -124.971
563.814, -124.762
564.487, -124.543
565.156, -124.316
565.822, -124.08
566.465, -123.842
567.125, -123.588
567.781, -123.326
568.434, -123.054
569.087, -122.783
569.743, -122.52
570.403, -122.266
571.045, -122.029
571.712, -121.793
572.381, -121.565
573.053, -121.347
573.728, -121.138
574.406, -120.937
575.066, -120.752
575.749, -120.57
576.435, -120.397
577.122, -120.233
577.812, -120.078
578.504, -119.933
579.197, -119.797
579.872, -119.674
580.569, -119.556
581.267, -119.448
581.967, -119.349
582.668, -119.259
583.371, -119.179
584.073, -119.099
584.774, -119.01
585.474, -118.911
586.151, -118.806
586.848, -118.688
587.544, -118.562
588.237, -118.426
588.929, -118.28
589.619, -118.126
590.286, -117.967
590.971, -117.794
591.654, -117.612
592.335, -117.421
593.013, -117.221
593.688, -117.012
594.34, -116.8
595.009, -116.573
595.675, -116.337
596.338, -116.092
596.998, -115.838
597.654, -115.576
598.307, -115.304
598.94, -115.041
599.576, -114.786
600.236, -114.533
600.899, -114.288
601.565, -114.052
602.235, -113.825
602.887, -113.613
603.562, -113.404
604.24, -113.204
604.92, -113.012
605.604, -112.831
606.289, -112.658
606.956, -112.499
607.645, -112.344
608.337, -112.199
609.031, -112.063
609.726, -111.936
610.423, -111.819
611.122, -111.711
611.801, -111.615
612.502, -111.526
613.204, -111.445
613.906, -111.365
614.608, -111.276
615.307, -111.177
616.006, -111.068
616.703, -110.951
617.398, -110.824
618.071, -110.692
618.763, -110.546
619.452, -110.392
620.14, -110.228
620.825, -110.055
621.508, -109.873
622.168, -109.687
622.846, -109.487
623.521, -109.278
624.194, -109.059
624.863, -108.832
625.529, -108.596
626.172, -108.358
626.832, -108.104
627.488, -107.842
628.141, -107.57
628.793, -107.299
629.45, -107.036
630.109, -106.783
630.752, -106.545
631.419, -106.309
632.088, -106.081
632.76, -105.863
633.435, -105.654
634.113, -105.454
634.773, -105.268
635.456, -105.086
636.141, -104.913
636.829, -104.749
637.519, -104.595
638.211, -104.449
638.883, -104.317
639.579, -104.19
640.276, -104.072
640.974, -103.964
641.674, -103.865
642.375, -103.776
643.077, -103.696
643.78, -103.615
644.481, -103.526
645.181, -103.427
645.858, -103.322
646.555, -103.205
647.251, -103.078
647.944, -102.942
648.636, -102.796
649.326, -102.642
649.993, -102.483
650.678, -102.31
651.361, -102.128
652.042, -101.937
652.719, -101.737
653.395, -101.528
654.047, -101.316
654.716, -101.089
655.382, -100.853
656.045, -100.608
656.705, -100.355
657.361, -100.092
657.994, -99.8289
658.627, -99.5659
659.284, -99.3033
659.943, -99.0495
660.606, -98.8046
661.273, -98.5686
661.942, -98.3415
662.594, -98.13
663.269, -97.9207
663.947, -97.7205
664.628, -97.5294
665.311, -97.3474
665.996, -97.1747
666.663, -97.0159
667.353, -96.8613
668.044, -96.716
668.738, -96.58
669.434, -96.4532
670.131, -96.3358
670.829, -96.2278
671.508, -96.132
672.209, -96.0425
672.911, -95.9623
673.614, -95.8822
674.315, -95.7927
675.015, -95.6937
675.713, -95.5854
676.41, -95.4677
677.106, -95.3407
677.778, -95.2087
678.47, -95.0633
679.16, -94.9087
679.847, -94.7449
680.533, -94.5718
681.216, -94.3896
681.875, -94.2042
682.553, -94.004
683.229, -93.7947
683.901, -93.5764
684.57, -93.3491
685.236, -93.1128
685.879, -92.8752
686.539, -92.6214
687.195, -92.3588
687.848, -92.0874
688.501, -91.816
689.157, -91.5534
689.817, -91.2996
690.46, -91.062
691.126, -90.8257
691.795, -90.5984
692.467, -90.3801
693.143, -90.1708
693.82, -89.9706
694.48, -89.7852
695.163, -89.603
695.849, -89.4299
696.536, -89.2661
697.226, -89.1115
697.918, -88.9661
698.59, -88.8341
699.286, -88.707
699.983, -88.5894
700.681, -88.4811
701.381, -88.3821
702.082, -88.2926
702.785, -88.2124
703.487, -88.1323
704.188, -88.0428
704.867, -87.947
705.565, -87.8389
706.262, -87.7216
706.958, -87.5948
707.651, -87.4588
708.343, -87.3134
709.033, -87.1588
709.7, -87.0001
710.385, -86.8273
711.068, -86.6454
711.749, -86.4543
712.427, -86.2541
713.102, -86.0448
713.754, -85.8332
714.423, -85.6062
715.09, -85.3702
715.753, -85.1253
716.412, -84.8715
717.069, -84.6089
717.702, -84.3459
718.335, -84.0828
718.991, -83.8202
719.651, -83.5664
720.314, -83.3215
720.98, -83.0855
721.649, -82.8585
722.301, -82.6469
722.976, -82.4376
723.654, -82.2374
724.335, -82.0463
725.018, -81.8644
725.703, -81.6916
726.37, -81.5329
727.06, -81.3783
727.752, -81.2329
728.445, -81.0969
729.141, -80.9702
729.838, -80.8528
730.515, -80.7479
731.215, -80.6489
731.916, -80.5594
731.937, -80.5567
732.639, -80.4671
733.34, -80.3776
734.04, -80.2787
734.717, -80.1738
735.414, -80.0564
736.11, -79.9297
736.803, -79.7936
737.495, -79.6483
738.185, -79.4937
738.851, -79.3349
739.537, -79.1622
740.22, -78.9802
740.9, -78.7891
741.578, -78.5889
742.254, -78.3796
742.906, -78.1681
743.575, -77.941
744.241, -77.705
744.904, -77.4601
745.564, -77.2063
746.22, -76.9437
746.873, -76.6723
747.502, -76.4008
748.132, -76.1293
748.784, -75.8579
749.441, -75.5953
750.1, -75.3416
750.763, -75.0966
751.43, -74.8606
752.079, -74.6404
752.751, -74.422
753.426, -74.2128
754.104, -74.0126
754.785, -73.8215
755.468, -73.6395
756.153, -73.4667
756.82, -73.308
757.51, -73.1534
758.202, -73.0081
758.895, -72.872
759.591, -72.7453
760.288, -72.6279
760.965, -72.523
761.665, -72.4241
762.366, -72.3345
763.067, -72.245
763.767, -72.146
764.466, -72.0377
765.163, -71.9201
765.858, -71.793
766.531, -71.661
767.222, -71.5156
767.912, -71.361
768.6, -71.1972
769.285, -71.0242
769.968, -70.8419
770.628, -70.6565
771.306, -70.4563
771.981, -70.247
772.653, -70.0287
773.323, -69.8014
773.989, -69.5651
774.632, -69.3275
775.292, -69.0737
775.948, -68.8111
776.6, -68.5397
777.249, -68.2596
777.898, -67.9795
778.551, -67.7081
779.207, -67.4455
779.847, -67.1993
780.51, -66.9541
781.176, -66.7178
781.846, -66.4905
782.518, -66.2722
783.193, -66.0629
783.85, -65.8686
784.531, -65.6773
785.214, -65.495
785.899, -65.322
786.587, -65.1582
787.277, -65.0035
787.968, -64.8582
788.641, -64.7262
789.336, -64.5991
790.033, -64.4815
790.732, -64.3731
791.432, -64.2742
792.133, -64.1847
792.834, -64.0951
793.534, -63.9962
794.211, -63.8913
794.908, -63.7739
795.604, -63.6472
796.297, -63.5111
796.989, -63.3658
797.679, -63.2112
798.346, -63.0524
799.031, -62.8797
799.714, -62.6977
800.395, -62.5066
801.073, -62.3064
801.748, -62.0972
802.4, -61.8856
803.069, -61.6586
803.735, -61.4226
804.398, -61.1776
805.058, -60.9239
805.714, -60.6612
806.347, -60.3982
806.997, -60.1184
807.626, -59.8469
808.279, -59.5755
808.935, -59.3129
809.595, -59.0591
810.258, -58.8142
810.924, -58.5782
811.573, -58.3579
812.245, -58.1396
812.921, -57.9303
813.598, -57.7301
814.279, -57.539
814.962, -57.357
815.627, -57.1894
816.314, -57.0255
817.004, -56.8709
817.696, -56.7256
818.389, -56.5895
819.085, -56.4628
819.782, -56.3454
820.459, -56.2405
821.159, -56.1416
821.86, -56.052
822.561, -55.9625
822.583, -55.9595
823.26, -55.8546
823.957, -55.7372
824.652, -55.6105
825.346, -55.4744
826.038, -55.3291
826.728, -55.1745
827.394, -55.0158
828.08, -54.843
828.763, -54.661
829.443, -54.47
830.121, -54.2697
830.797, -54.0605
831.469, -53.8422
832.118, -53.6219
832.784, -53.3859
833.447, -53.141
834.107, -52.8872
834.763, -52.6246
835.416, -52.3532
836.045, -52.0817
836.691, -51.7931
837.316, -51.5132
837.965, -51.2331
838.618, -50.9617
839.274, -50.6991
839.934, -50.4453
840.597, -50.2004
841.243, -49.9714
841.912, -49.7441
842.585, -49.5258
843.26, -49.3165
843.938, -49.1163
844.618, -48.9252
845.301, -48.7433
845.966, -48.5756
846.654, -48.4118
847.343, -48.2572
848.035, -48.1118
848.708, -47.9798
849.424, -47.8491
850.1, -47.7351
850.799, -47.6268
851.498, -47.5278
852.198, -47.4289
852.897, -47.3206
853.594, -47.2029
854.289, -47.0759
854.962, -46.9438
855.654, -46.7985
856.343, -46.6439
857.031, -46.48
857.716, -46.307
858.399, -46.1248
859.059, -45.9393
859.737, -45.7391
860.412, -45.5299
861.085, -45.3115
861.754, -45.0842
862.42, -44.848
863.083, -44.6028
863.723, -44.3566
864.379, -44.0939
865.032, -43.8226
865.681, -43.5424
866.326, -43.2536
866.971, -42.9648
867.62, -42.6847
868.273, -42.4133
868.909, -42.1586
869.569, -41.9045
870.232, -41.6593
870.898, -41.4231
871.567, -41.1957
872.239, -40.9774
872.915, -40.7682
873.572, -40.5739
874.252, -40.3825
874.935, -40.2003
875.621, -40.0272
876.308, -39.8634
876.998, -39.7088
877.669, -39.5677
878.362, -39.4314
879.058, -39.3044
879.755, -39.1867
880.453, -39.0784
881.153, -38.9795
881.853, -38.8805
882.53, -38.7756
882.53, -38.7756
883.226, -38.6486
883.919, -38.5123
884.59, -38.3712
885.28, -38.2166
885.968, -38.0528
886.653, -37.8797
887.336, -37.6975
888.016, -37.5061
888.674, -37.3119
889.349, -37.1026
890.021, -36.8843
890.69, -36.657
891.357, -36.4207
892.02, -36.1755
892.659, -35.9293
893.316, -35.6667
893.968, -35.3953
894.617, -35.1152
895.262, -34.8264
895.904, -34.5289
896.545, -34.2315
897.19, -33.9427
897.839, -33.6626
898.492, -33.3912
899.128, -33.1364
899.788, -32.8824
900.451, -32.6372
901.117, -32.4009
901.786, -32.1736
902.458, -31.9553
903.113, -31.7522
903.791, -31.5518
904.471, -31.3604
905.154, -31.1782
905.84, -31.0051
906.527, -30.8413
907.196, -30.6912
907.888, -30.5456
908.581, -30.4093
909.277, -30.2823
909.974, -30.1646
910.672, -30.0563
911.35, -29.9514
912.047, -29.834
912.742, -29.7073
913.436, -29.5712
914.128, -29.4259
914.817, -29.2713
915.505, -29.1074
916.17, -28.9398
916.853, -28.7578
916.853, -28.7578
917.51, -28.5635
918.185, -28.3543
918.857, -28.1359
919.527, -27.9086
920.193, -27.6724
920.856, -27.4272
921.516, -27.1731
922.152, -26.9184
922.805, -26.647
923.454, -26.3668
924.099, -26.078
924.74, -25.7806
925.377, -25.4746
926.014, -25.1686
926.656, -24.8712
927.301, -24.5824
927.95, -24.3023
928.583, -24.039
929.239, -23.7761
929.898, -23.5221
930.561, -23.2769
931.228, -23.0406
931.897, -22.8133
932.549, -22.6015
933.224, -22.3919
933.902, -22.1914
934.582, -22.0001
935.265, -21.8178
935.95, -21.6448
936.638, -21.481
937.307, -21.3309
937.999, -21.1853
938.692, -21.049
939.387, -20.9219
940.084, -20.8043
940.76, -20.6903
941.456, -20.5636
942.149, -20.4275
942.841, -20.2822
943.531, -20.1276
944.219, -19.9637
944.883, -19.7961
945.566, -19.6141
946.247, -19.423
946.247, -19.423
946.901, -19.22
947.574, -19.0016
948.243, -18.7743
948.909, -18.5381
949.572, -18.2929
950.232, -18.0388
950.868, -17.7841
951.521, -17.5127
952.17, -17.2325
952.815, -16.9437
953.456, -16.6463
954.093, -16.3403
954.707, -16.0355
955.341, -15.7212
955.978, -15.4155
956.619, -15.1183
957.264, -14.8298
957.894, -14.5583
958.547, -14.2869
959.203, -14.0243
959.863, -13.7705
960.526, -13.5256
961.192, -13.2896
961.861, -13.0625
962.513, -12.851
963.188, -12.6417
963.866, -12.4415
964.547, -12.2504
965.23, -12.0684
965.915, -11.8957
966.582, -11.7369
967.272, -11.5823
967.964, -11.437
968.657, -11.3009
969.353, -11.1742
970.048, -11.0475
970.742, -10.9114
971.434, -10.7661
971.413, -10.7708
972.1, -10.6069
972.786, -10.4339
973.469, -10.2517
974.149, -10.0603
974.827, -9.85983
975.482, -9.65676
975.502, -9.65014
976.171, -9.42283
976.837, -9.18656
977.48, -8.94894
978.14, -8.69516
978.796, -8.43255
979.449, -8.16116
980.098, -7.88104
980.743, -7.59224
981.365, -7.30396
982.002, -6.99822
982.636, -6.68396
983.264, -6.36123
983.889, -6.0301
984.513, -5.69897
985.142, -5.37624
985.756, -5.07138
986.393, -4.76538
987.035, -4.46796
987.68, -4.17916
988.329, -3.89904
988.982, -3.62765
989.638, -3.36504
990.278, -3.11882
990.94, -2.87364
991.607, -2.63737
992.276, -2.41006
992.948, -2.19174
993.623, -1.98247
994.281, -1.7882
994.961, -1.59683
995.644, -1.4146
996.33, -1.24156
997.017, -1.07772
997.707, -0.923113
998.378, -0.782044
998.378, -0.782044
998.399, -0.777359
998.378, -0.782324
998.399, -0.77708
998.378, -0.782602
999.058, -0.591233
0, 0
0, 0
0, 0
0, 0
0, 0
0, 0
0, 0
0, 0
0, 0
0, 0
0, 0
0, 0
0, 0
0, 0
0, 0
0, 0
0, 0
0, 0
0, 0
0, 0
0, 0
0, 0
0, 0
0, 0
0, 0
0, 0
0, 0
0, 0
0, 0
0, 0
0, 0
0, 0
0, 0
0, 0
0, 0
0, 0
0, 0
0, 0
0, 0
0, 0
0, 0
0, 0
0, 0
0, 0
0, 0
0, 0
0, 0
0, 0
0, 0
0, 0
0, 0
0, 0
0, 0
0, 0
0, 0
0, 0
0, 0
0, 0
0, 0
0, 0
0, 0
0, 0
0, 0
0, 0
0, 0
0, 0
0, 0
0, 0
0, 0
0, 0
0, 0
0, 0
0, 0
0, 0
0, 0
0, 0
0, 0
0, 0
0, 0
0, 0
0, 0
0, 0
0, 0
0, 0
0, 0
0, 0
0, 0
0, 0
0, 0
0, 0
0, 0
0, 0
0, 0
0, 0
0, 0
0, 0
0, 0
0, 0
0, 0
0, 0
0, 0
0, 0
0, 0
0, 0
0, 0
0, 0
0, 0
0, 0
0, 0
0, 0
0, 0
0, 0
0, 0
0, 0
0, 0
0, 0
0, 0
0, 0
0, 0
0, 0
0, 0
0, 0
0, 0
0, 0
0, 0
0, 0
0, 0
0, 0
0, 0
0, 0
0, 0
0, 0
0, 0
0, 0
0, 0
0, 0
0, 0
0, 0
0, 0
0, 0
0, 0
0, 0
0, 0
0, 0
0, 0
0, 0
0, 0
0, 0
0, 0
0, 0
0, 0
0, 0
0, 0
0, 0
0, 0
0, 0
0, 0
0, 0
0, 0
0, 0
0, 0
0, 0
0, 0
0, 0
0, 0
0, 0
0, 0
0, 0
0, 0
0, 0
0, 0
0, 0
0, 0
0, 0
0, 0
0, 0
0, 0
0, 0
0, 0
0, 0
0, 0
0, 0
0, 0
0, 0
0, 0
0, 0
0, 0
0, 0
0, 0
0, 0
0, 0
0, 0
0, 0
0, 0
0, 0
0, 0
0, 0
0, 0
0, 0
0, 0
0, 0
0, 0
0, 0
0, 0
0, 0
0, 0
0, 0
0, 0
0, 0
0, 0
0, 0
0, 0
0, 0
0, 0
0, 0
0, 0
0, 0
0, 0
0, 0
0, 0
0, 0
0, 0
0, 0
0, 0
0, 0
0, 0
0, 0
0, 0
0, 0
0, 0
0, 0
0, 0
0, 0
0, 0
0, 0
0, 0
0, 0
0, 0
0, 0
0, 0
0, 0
0, 0
0, 0
0, 0
0, 0
0, 0
0, 0
0, 0
0, 0
0, 0
0, 0
0, 0
0, 0
0, 0
0, 0
0, 0
0, 0
0, 0
0, 0
0, 0
0, 0
0, 0
0, 0
0, 0
0, 0
0, 0
0, 0
0, 0
0, 0
0, 0
0, 0
0, 0
0, 0
0, 0
0, 0
0, 0
0, 0
0, 0
0, 0
0, 0
0, 0
0, 0
0, 0
0, 0
0, 0
0, 0
0, 0
0, 0
0, 0
0, 0
0, 0
0, 0
0, 0
0, 0
0, 0
0, 0
0, 0
0, 0
0, 0
0, 0
0, 0
0, 0
0, 0
0, 0
0, 0
0, 0
0, 0
0, 0
0, 0
0, 0
0, 0
0, 0
0, 0
0, 0
0, 0
0, 0
0, 0
0, 0
0, 0
0, 0
0, 0
0, 0
0, 0
0, 0
0, 0
0, 0
0, 0
0, 0
0, 0
0, 0
0, 0
0, 0
0, 0
0, 0
0, 0
0, 0
0, 0
0, 0
0, 0
0, 0
0, 0
0, 0
0, 0
0, 0
0, 0
0, 0
0, 0
0, 0
0, 0
0, 0
0, 0
0, 0
0, 0
0, 0
0, 0
0, 0
0, 0
0, 0
0, 0
0, 0
0, 0
0, 0
0, 0
0, 0
0, 0
0, 0
0, 0
0, 0
0, 0
0, 0
0, 0
0, 0
0, 0
0, 0
0, 0
0, 0
0, 0
0, 0
0, 0
0, 0
0, 0
0, 0
0, 0
0, 0
0, 0
0, 0
0, 0
0, 0
0, 0
0, 0
0, 0
0, 0
0, 0
0, 0
0, 0
0, 0
0, 0
0, 0
0, 0
0, 0
0, 0
0, 0
0, 0
0, 0
0, 0
0, 0
0, 0
0, 0
0, 0
0, 0
0, 0
0, 0
0, 0
0, 0
0, 0
0, 0
0, 0
0, 0
0, 0
0, 0
0, 0
0, 0
0, 0
0, 0
0, 0
0, 0
0, 0
0, 0
0, 0
0, 0
0, 0
0, 0
0, 0
0, 0
0, 0
0, 0
0, 0
0, 0
0, 0
0, 0
0, 0
0, 0
0, 0
0, 0
0, 0
0, 0
0, 0
0, 0
0, 0
0, 0
0, 0
0, 0
0, 0
0, 0
0, 0
0, 0
0, 0
0, 0
0, 0
0, 0
0, 0
0, 0
6.11135e-312, 6.95301e-310
0, 0
0, 2.55926e-321
0, 6.95301e-310
6.98174e-318, 4.39888e-312
0, 0
0, 0
0, 0
0, 0
0, 0
0, 0
0, 6.95301e-310
4.39888e-312, 6.95301e-310
0, 0
6.95094e-310, 6.95301e-310
4.39888e-312, 6.95301e-310
6.95094e-310, 0
4.39888e-312, 4.39888e-312
0, 0
0, 1.36039e-309
6.95301e-310, 4.39888e-312
6.95094e-310, 6.95301e-310
4.94066e-324, 6.95301e-310
6.95094e-310, 6.95306e-310
4.39888e-312, 6.95301e-310
8.89318e-323, 4.39888e-312
6.95301e-310, 0
3.92984e-310, 4.39888e-312
4.39888e-312, 6.95301e-310
6.95081e-310, 6.95094e-310
6.95094e-310, 6.95094e-310
6.95094e-310, 0
0, 6.95094e-310
6.95094e-310, 6.95301e-310
6.95094e-310, 4.39888e-312
0, 6.95301e-310
6.98174e-318, 4.39888e-312
1.97626e-323, 4.39888e-312
4.39888e-312, 0
4.39888e-312, 0
0, 0
0, 0
0, 0
0, 0
0, 0
0, 0
5.09279e-312, 6.95306e-310
0, 0
0, 2.5395e-321
0, 6.95306e-310
5.6461e-318, 4.39888e-312
0, 0
0, 0
8.89318e-323, 4.39888e-312
4.39888e-312, 0
0, 0
0, 0
0, 6.95301e-310
4.39888e-312, 6.95301e-310
0, 0
6.95094e-310, 6.95306e-310
4.39888e-312, 6.95301e-310
6.95094e-310, 0
4.39888e-312, 4.39888e-312
0, 0
0, 1.36039e-309
6.95301e-310, 4.39888e-312
6.95094e-310, 6.95301e-310
4.94066e-324, 6.95301e-310
6.95094e-310, 6.95306e-310
4.39888e-312, 6.95301e-310
6.95293e-310, 4.39888e-312
6.95301e-310, 0
3.92984e-310, 4.39888e-312
4.39888e-312, 6.95301e-310
6.95081e-310, 6.95094e-310
6.95094e-310, 2.87546e-321
4.39888e-312, 1.02766e-321
5.26255e-312, 6.95306e-310
6.95094e-310, 6.95301e-310
0, 2.5395e-321
0, 6.95306e-310
2.46891e-318, 4.39888e-312
1.97626e-323, 4.39888e-312
4.39888e-312, nan
4.39888e-312, 0
0, 0
0, 0
0, 0
0, 6.95301e-310
4.39888e-312, 6.95301e-310
0, 0
6.95094e-310, 6.95306e-310
4.39888e-312, 6.95301e-310
6.95094e-310, 6.95094e-310
4.39888e-312, 4.39888e-312
6.95301e-310, 0
0, 1.36039e-309
6.95301e-310, 4.39888e-312
6.95094e-310, 6.95301e-310
4.94066e-324, 6.95301e-310
6.95094e-310, 6.95306e-310
4.39888e-312, 6.95301e-310
6.95081e-310, 4.39888e-312
6.95301e-310, 0
3.92984e-310, 4.39888e-312
4.39888e-312, 6.95301e-310
6.95081e-310, 6.95094e-310
6.95094e-310, 6.95094e-310
6.95094e-310, 0
0, 6.95094e-310
6.95094e-310, 6.95301e-310
6.95094e-310, 4.39888e-312
0, 6.95306e-310
2.46891e-318, 4.39888e-312
1.97626e-323, 4.39888e-312
4.39888e-312, 4.39888e-312
4.39888e-312, 0
0, 0
0, 6.95301e-310
0, 0
0, 0
0, 0
0, 0
0, 0
0, 0
0, 0
0, 0
0, 0
0, 0
0, 0
0, 0
0, 0
0, 0
0, 6.95301e-310
0, 0
0, 0
0, 0
1.5915e-314, 4.39888e-312
0, 6.95301e-310
0, 6.95301e-310
9.28265e-311, 0
0, 0
0, 4.39888e-312
8.6219e-315, 4.39888e-312
4.39888e-312, 6.95301e-310
0, 4.39888e-312
1.23425e-311, 6.95301e-310
1.23425e-311, 6.95301e-310
4.94066e-324, 4.94066e-324
1.26481e-321, 0
1.5915e-314, 6.95301e-310
0, 1.23425e-311
0, 1.23425e-311
4.39888e-312, 4.39888e-312
0, 6.95301e-310
6.95301e-310, 6.95301e-310
0, 4.39888e-312
2.08002e-321, 1.23425e-311
1.23425e-311, 6.95301e-310
6.95301e-310, 4.39888e-312
4.39888e-312, 6.95301e-310
4.39888e-312, 6.95301e-310
0, 6.95301e-310
4.74303e-322, 1.23425e-311
1.23425e-311, 6.95301e-310
6.95301e-310, 4.39888e-312
4.39888e-312, 4.39888e-312
4.94066e-324, 1.97626e-323
4.39253e-312, 4.39888e-312
1.14061e+193, 4.39888e-312
4.39888e-312, 6.95301e-310
1.23424e-311, 0
1.23425e-311, 4.39888e-312
4.39888e-312, 6.95301e-310
1.23425e-311, 4.39888e-312
4.39888e-312, 4.39888e-312
4.39888e-312, 0
1.23425e-311, 6.47591e-318
1.23425e-311, 5.18072e-318
1.23425e-311, 6.95306e-310
0, 6.0276e-322
4.39888e-312, 0
4.39888e-312, 0
5.26255e-312, 6.95306e-310
4.39888e-312, 4.39888e-312
0, 2.5395e-321
4.94066e-324, 6.95306e-310
0, 4.39888e-312
4.39888e-312, 6.95301e-310
4.39253e-312, 4.39888e-312
6.95301e-310, 0
3.92984e-310, 4.39888e-312
4.39888e-312, 6.95301e-310
6.95081e-310, 6.95094e-310
0, 6.95301e-310
4.39888e-312, 6.95301e-310
9.28161e-311, 6.95094e-310
0, 1.23425e-311
4.39888e-312, 6.95301e-310
6.95081e-310, 0
1.23425e-311, 4.39888e-312
1.97626e-323, 1.23425e-311
1.23425e-311, 1.36039e-309
6.95301e-310, 4.39888e-312
6.95094e-310, 6.95301e-310
1.23424e-311, 6.95301e-310
6.95094e-310, 6.95306e-310
4.39888e-312, 6.95301e-310
4.39253e-312, 4.39888e-312
6.95301e-310, 0
3.92984e-310, 4.39888e-312
4.39888e-312, 6.95301e-310
6.95081e-310, 6.95094e-310
6.95094e-310, 6.95094e-310
6.95094e-310, 0
0, 6.95094e-310
6.95094e-310, 6.95301e-310
6.95094e-310, 4.39888e-312
4.94066e-324, 6.95306e-310
0, 4.39888e-312
1.97626e-323, 4.39888e-312
4.39888e-312, 0
4.39888e-312, 0
0, 0
0, 0
0, 0
0, 0
0, 0
0, 0
0, 0
0, 0
0, 0
0, 0
0, 0
0, 0
0, 0
6.0276e-322, 4.39888e-312
4.39888e-312, 0
0, 0
0, 0
0, 0
0, 0
0, 0
0, 0
0, 0
0, 0
0, 0
0, 0
0, 0
0, 0
0, 4.39888e-312
4.39888e-312, 0
0, 0
0, 0
6.95301e-310, 0
0, 6.95306e-310
0, 6.95306e-310
6.95306e-310, 1.97626e-323
0, 4.39888e-312
1.23425e-311, 6.95301e-310
0, nan
0, 0
nan, 0
6.95301e-310, 0
nan, 0
0, nan
0, 6.95301e-310
0, nan
0, 0
nan, 0
6.95301e-310, 0
nan, 0
0, nan
0, 0
1.36039e-309, 0
4.39888e-312, 4.39888e-312
6.95306e-310, 6.95306e-310
1.4822e-323, 6.95094e-310
0, 0
0, 4.94066e-324
4.39888e-312, 0
0, 0
1.22528e-321, 6.95306e-310
0, 4.39888e-312
1.4822e-323, 4.94066e-324
6.95306e-310, 1.22528e-321
4.39888e-312, 6.95306e-310
0, 6.95306e-310
1.23424e-311, 4.39888e-312
4.39888e-312, 0
0, 0
0, 0
0, 0
0, 2.87546e-321
6.95306e-310, 0
0, 0
0, 0
5.19962e-310, 0
1.4822e-322, 6.95306e-310
6.95306e-310, 3.23791e-319
7.90505e-323, 6.95306e-310
0, 0
0, 0
0, 6.95306e-310
6.95306e-310, 6.95306e-310
5.19962e-310, 6.95306e-310
0, 6.95306e-310
4.39888e-312, 4.39888e-312
4.39888e-312, 0
6.95306e-310, 6.95306e-310
0, 6.95306e-310
4.94066e-324, 6.95306e-310
0, 4.39888e-312
0, 4.39888e-312
4.39888e-312, 6.95306e-310
6.95306e-310, 4.39888e-312
4.39888e-312, 6.95306e-310
4.39888e-312, 1.6661e-314
4.39888e-312, 6.95293e-310
0, 4.94066e-324
5.26255e-312, 6.95306e-310
1.23424e-311, 1.23424e-311
1.23424e-311, 2.5395e-321
4.94066e-324, 6.95306e-310
0, 4.39888e-312
1.23424e-311, 1.23424e-311
6.32404e-322, 6.95306e-310
1.23424e-311, 1.23424e-311
1.23424e-311, 6.32404e-322
2.07508e-322, 2.07508e-322
6.95306e-310, 6.95306e-310
0, 6.95301e-310
4.39888e-312, 6.95301e-310
2.122e-314, 4.39888e-312
0, 1.23425e-311
4.39888e-312, 6.95301e-310
6.95081e-310, 0
1.23425e-311, 4.39888e-312
3.92984e-310, 1.23425e-311
1.23425e-311, 1.36039e-309
6.95301e-310, 4.39888e-312
6.95094e-310, 6.95301e-310
4.94066e-324, 6.95301e-310
6.95094e-310, 6.95306e-310
4.39888e-312, 6.95301e-310
1.23288e-311, 4.39888e-312
6.95301e-310, 0
3.92984e-310, 4.39888e-312
4.39888e-312, 6.95301e-310
6.95081e-310, 6.95094e-310
6.95094e-310, 6.95094e-310
6.95094e-310, 1.23424e-311
1.23424e-311, 6.95094e-310
6.95094e-310, 6.95301e-310
6.95094e-310, 4.39888e-312
4.94066e-324, 6.95306e-310
0, 4.39888e-312
1.97626e-323, 4.39888e-312
4.39888e-312, 4.39888e-312
4.39888e-312, 0
0, 0
0, 0
0, 0
0, 0
0, 0
0, 0
0, 0
0, 0
0, 0
0, 0
0, 0
0, 0
0, 0
6.0276e-322, 4.39888e-312
4.39888e-312, 0
0, 0
0, 0
0, 0
0, 6.95301e-310
0, 0
5.60207e-312, 6.95306e-310
0, nan
1.5915e-314, nan
nan, 6.95301e-310
5.60207e-312, 6.95306e-310
1.23425e-311, 4.39888e-312
1.23424e-311, 2.5395e-321
4.94066e-324, 6.95306e-310
0, 4.39888e-312
4.39888e-312, 6.95301e-310
0, 0
0, 0
4.39888e-312, 6.95301e-310
2.22523e-306, 6.95306e-310
0, 1.23425e-311
0, 6.95301e-310
4.39888e-312, 6.95301e-310
4.39253e-312, 4.39888e-312
0, 1.23425e-311
4.39888e-312, 6.95301e-310
6.95081e-310, 4.39888e-312
1.23425e-311, 4.39888e-312
6.95293e-310, 1.23425e-311
1.23425e-311, 1.36039e-309
6.95301e-310, 4.39888e-312
6.95094e-310, 6.95301e-310
0, 6.95301e-310
6.95094e-310, 6.95306e-310
4.39888e-312, 6.95301e-310
4.39253e-312, 4.39888e-312
6.95301e-310, 0
3.92984e-310, 4.39888e-312
4.39888e-312, 6.95301e-310
6.95081e-310, 6.95094e-310
6.95094e-310, 6.95094e-310
6.95094e-310, 6.95306e-310
1.23424e-311, 6.95094e-310
6.95094e-310, 6.95301e-310
6.95094e-310, 4.39888e-312
4.94066e-324, 6.95306e-310
0, 4.39888e-312
1.97626e-323, 4.39888e-312
4.39888e-312, 4.39888e-312
4.39888e-312, 0
0, 0
0, 0
0, 0
0, 0
0, 0
0, 0
0, 0
0, 0
0, 0
0, 0
0, 0
0, 0
0, 0
0, 4.39888e-312
4.39888e-312, 0
0, 0
0, 0
0, 0
0, 0
0, 0
0, 0
0, 0
0, 0
0, 0
0, 6.95301e-310
0, 0
0, 0
0, 4.39888e-312
0, 0
0, 0
0, 0
6.95301e-310, 0
0, 6.95306e-310
0, 6.95306e-310
6.95306e-310, 1.97626e-323
0, 4.39888e-312
0, 0
0, 0
0, 0
nan, 6.95301e-310
6.95301e-310, 0
nan, 0
0, 0
1.5915e-314, 4.39888e-312
0, 6.95301e-310
0, 6.95301e-310
9.28265e-311, 0
0, 0
0, 4.39888e-312
8.6219e-315, 4.39888e-312
4.39888e-312, 6.95301e-310
0, 4.39888e-312
1.23425e-311, 6.95306e-310
1.23425e-311, 6.95301e-310
4.94066e-324, 4.94066e-324
1.24505e-321, 1.58101e-322
1.5915e-314, 6.95301e-310
0, 1.23425e-311
3.0301e-320, 1.23425e-311
4.39888e-312, 0
0, 6.95301e-310
6.95301e-310, 6.95301e-310
0, 6.95306e-310
2.08002e-321, 1.23425e-311
1.23425e-311, 6.95301e-310
6.95301e-310, 4.39888e-312
4.39888e-312, 6.95301e-310
4.39888e-312, 6.95301e-310
0, 1.23425e-311
4.74303e-322, 1.23425e-311
1.23425e-311, 6.95301e-310
6.95301e-310, 4.39888e-312
4.39888e-312, 4.39888e-312
4.94066e-324, 1.97626e-323
4.39253e-312, 0
1.14061e+193, 4.39888e-312
4.39888e-312, 6.95301e-310
4.94066e-324, 0
1.23425e-311, 4.39888e-312
4.39888e-312, 6.95301e-310
1.23425e-311, 4.39888e-312
4.39888e-312, 4.39888e-312
4.39888e-312, 0
1.23425e-311, 6.47591e-318
1.23425e-311, 5.18072e-318
1.23425e-311, 6.95306e-310
0, 0
4.39888e-312, 0
4.39888e-312, 0
9.28265e-311, 1.36039e-309
4.39888e-312, 4.39888e-312
4.39888e-312, 6.95301e-310
1.23425e-311, 1.23425e-311
6.95094e-310, 6.95306e-310
4.39888e-312, 6.95301e-310
0, 4.39888e-312
6.95301e-310, 0
3.92984e-310, 4.39888e-312
4.39888e-312, 6.95301e-310
6.95081e-310, 6.95094e-310
6.95094e-310, 6.95094e-310
6.95094e-310, 1.23425e-311
0, 6.95094e-310
6.95094e-310, 6.95301e-310
6.95094e-310, 4.39888e-312
1.24505e-321, 0
4.39888e-312, 0
1.97626e-323, 4.39888e-312
4.39888e-312, 7.90505e-323
4.39888e-312, 1.5915e-314
1.24505e-321, 0
6.95306e-310, 4.39888e-312
0, 4.39886e-312
6.95306e-310, 4.39888e-312
0, 0
2.87546e-321, 3.16202e-322
4.94066e-324, 1.23424e-311
0, 0
0, 0
0, 0
0, 0
0, 2.55926e-321
6.95306e-310, 0
0, 4.39888e-312
4.39888e-312, 1.5915e-314
1.24505e-321, 0
6.95306e-310, 4.39888e-312
0, 4.39886e-312
6.95306e-310, 4.39888e-312
0, 0
2.87546e-321, 3.16202e-322
4.94066e-324, 1.23424e-311
0, 0
0, 0
0, 0
0, 0
0, 2.55926e-321
4.39888e-312, 4.39888e-312
4.39888e-312, 4.39888e-312
6.95306e-310, 4.39888e-312
6.95306e-310, 6.95306e-310
6.95301e-310, 1.23425e-311
6.95306e-310, 6.95306e-310
0, 6.95306e-310
6.95306e-310, 1.97626e-323
1.23288e-311, 4.39888e-312
1.23425e-311, 6.95301e-310
1.23425e-311, 0
1.23424e-311, 0
1.23425e-311, 6.95306e-310
6.95301e-310, 0
nan, 1.23424e-311
0, nan
0, 6.95301e-310
0, nan
0, 0
nan, 0
6.95301e-310, 0
nan, 1.23424e-311
0, nan
0, 6.95306e-310
1.36039e-309, 1.23424e-311
0, 1.23424e-311
3.16202e-322, 6.95306e-310
0, 6.95094e-310
1.23424e-311, 1.32625e-315
6.95306e-310, 4.39886e-312
4.39888e-312, 1.23305e-311
1.23424e-311, 0
6.95306e-310, 6.95306e-310
6.95306e-310, 4.39888e-312
0, 4.39886e-312
6.95306e-310, 4.39888e-312
0, 0
2.87546e-321, 3.16202e-322
3.92984e-310, 1.23424e-311
1.06093e-314, 6.95162e-310
0, 1.06093e-314
0, 0
1.06093e-314, 6.95162e-310
0, 2.55926e-321
6.95306e-310, 6.95306e-310
0, 1.06093e-314
4.94066e-324, 6.95306e-310
1.23424e-311, 6.95306e-310
1.23424e-311, 1.23424e-311
0, 6.9531e-310
0, 6.95293e-310
1.97626e-323, 6.95306e-310
1.23424e-311, 1.23424e-311
0, 0
5.92879e-323, 6.95306e-310
1.23424e-311, 4.39888e-312
1.23424e-311, 6.95293e-310
1.23424e-311, 1.23424e-311
6.32404e-322, 6.95306e-310
1.23424e-311, 4.39888e-312
1.23424e-311, 1.72923e-322
5.92879e-323, 5.92879e-323
2.122e-314, 1.23424e-311
0, 1.23424e-311
0, 5.92879e-323
4.39886e-312, 1.13635e-322
7.42699e-313, 6.95293e-310
1.81816e-321, 4.39888e-312
1.23424e-311, 0
0, 0
6.95306e-310, 1.23424e-311
1.13635e-322, 1.23424e-311
0, 1.23424e-311
1.23424e-311, 0
1.68372e-316, 1.23424e-311
1.94276e-317, 1.23424e-311
4.01507e-317, 5.92879e-323
0, 0
4.01507e-317, 1.23424e-311
1.97626e-322, 0
6.95162e-310, 4.39886e-312
1.23424e-311, 0
7.1235e-318, 3.95253e-323
7.1235e-318, 6.95306e-310
1.23424e-311, 1.23424e-311
0, 3.35965e-322
1.6661e-314, 6.95306e-310
0, 0
0, 1.23424e-311
6.95294e-310, 0
2.37152e-322, 0
0, 0
1.97626e-323, 0
4.39886e-312, 0
4.39886e-312, 1.23424e-311
0, 6.95306e-310
1.23288e-311, 0
0, 1.23424e-311
4.39888e-312, 7.90505e-323
0, 4.39888e-312
1.4822e-323, 0
4.39886e-312, 4.39888e-312
4.39886e-312, 4.39886e-312
1.23424e-311, 6.95306e-310
0, 0
6.95306e-310, 6.95306e-310
6.95306e-310, 2.47033e-323
6.95145e-310, 2.02369e-320
4.39888e-312, 6.95306e-310
1.23424e-311, 1.23288e-311
4.39886e-312, 4.39886e-312
6.95306e-310, 6.95306e-310
4.39888e-312, 6.95306e-310
1.23424e-311, 6.95306e-310
0, 0
6.95306e-310, 6.95306e-310
4.39886e-312, 6.95306e-310
0, 4.39888e-312
4.94066e-324, 0
1.23288e-311, 1.23424e-311
0, 6.95306e-310
0, 0
0, 4.24399e-314
4.39253e-312, 4.39886e-312
0, 6.95306e-310
0, 4.94066e-324
0, 4.94066e-324
0, 0
0, 6.95306e-310
0, 0
0, 0
6.95306e-310, 4.39888e-312
0, 6.95306e-310
4.39888e-312, 6.95306e-310
4.39886e-312, 4.39886e-312
0, 0
0, 0
0, 1.6661e-314
0, 1.65781e-316
0, 0
1.23424e-311, 1.23424e-311
0, 0
1.97626e-323, 6.95306e-310
1.23424e-311, 4.39888e-312
1.23424e-311, 3.31562e-316
1.23424e-311, 1.23424e-311
6.32404e-322, 6.95306e-310
1.23424e-311, 4.39888e-312
1.23424e-311, 3.7549e-322
1.97626e-323, 1.97626e-323
2.122e-314, 1.23424e-311
0, 1.23424e-311
0, 1.97626e-323
1.23425e-311, 3.55727e-322
1.61272e-312, 0
5.69164e-321, 6.95306e-310
1.23424e-311, 4.39888e-312
1.23425e-311, 1.4822e-323
1.23425e-311, 1.23424e-311
3.55727e-322, 6.95306e-310
1.23425e-311, 1.23424e-311
1.23424e-311, 6.95306e-310
1.23425e-311, 1.23424e-311
1.23425e-311, 2.48671e-316
1.23288e-311, 1.97626e-323
2.122e-314, 1.23425e-311
1.23425e-311, 1.23425e-311
0, 4.94066e-324
1.58101e-322, 9.88131e-324
1.23424e-311, 1.23425e-311
2.37152e-322, 7.90505e-323
1.23425e-311, 1.23425e-311
9.88131e-324, 2.03082e-314
1.29442e-312, 1.23491e-311
1.6661e-314, 1.24336e-314
1.65781e-316, 1.23425e-311
1.23425e-311, 1.23425e-311
0, 0
2.47033e-322, 6.95306e-310
1.23425e-311, 4.39888e-312
1.23425e-311, 1.23288e-311
1.23425e-311, 1.23425e-311
6.32404e-322, 6.95306e-310
1.23425e-311, 4.39888e-312
1.23425e-311, 4.55898e-315
1.23288e-311, 2.47033e-322
2.122e-314, 1.23425e-311
1.23424e-311, 1.23425e-311
0, 2.47033e-322
2.01085e-321, 2.47033e-323
0, 0
3.95253e-322, 6.95306e-310
1.23425e-311, 1.23425e-311
2.65807e-321, 0
6.95162e-310, 1.23425e-311
2.47033e-323, 8.09477e-320
6.79039e-313, 8.28905e-317
1.23425e-311, 0
0, 1.23425e-311
6.95162e-310, 1.77917e-307
3.02954e-313, 2.47033e-322
0, 0
6.95162e-310, 6.95162e-310
6.95162e-310, 3.44028e-319
8.28905e-317, 5.37501e-317
1.23425e-311, 1.9582e-306
6.23055e-307, 8.39912e-323
1.20162e-306, 1.86921e-306
6.23037e-307, 8.45594e-307
1.33512e-306, 1.11261e-306
1.20162e-306, 1.11262e-306
7.56599e-307, 1.33512e-306
1.33512e-306, 1.24612e-306
1.69121e-306, 1.60221e-306
6.23037e-307, 1.24612e-306
9.34562e-307, 3.27035e-317
1.23425e-311, 1.23425e-311
3.11261e-322, 0
3.95253e-322, 0
2.47033e-323, 0
1.23425e-311, 6.95306e-310
1.23425e-311, 9.88131e-324
3.11261e-322, 3.95253e-322
1.23425e-311, 4.39888e-312
6.95145e-310, 6.95162e-310
